d30001	0.43489	0.10670	0.00506
d30002	0.32304	0.04796	0.00000
d30003	0.38213	0.07519	0.00512
d30005	0.39078	0.12500	0.02500
d30006	0.31852	0.04988	0.00763
d30007	0.33663	0.06250	0.02806
d30008	0.30732	0.06158	0.00754
d30010	0.44697	0.11735	0.01042
d30011	0.34314	0.05693	0.01010
d30015	0.37226	0.04914	0.00251
d30017	0.32108	0.04950	0.00000
d30020	0.31387	0.06143	0.01003
d30022	0.34152	0.05707	0.00506
d30024	0.34158	0.05500	0.00255
d30026	0.32581	0.03038	0.00000
d30027	0.28715	0.02290	0.00519
d30028	0.36585	0.05911	0.00251
d30029	0.34524	0.07933	0.01716
d30031	0.42651	0.09732	0.01737
d30033	0.26829	0.05911	0.00251
d30034	0.35678	0.06853	0.00000
d30036	0.34804	0.09158	0.01010
d30037	0.38480	0.12129	0.03535
d30038	0.45255	0.11057	0.01754
d30040	0.39012	0.08479	0.01781
d30042	0.42184	0.12531	0.02302
d30044	0.38847	0.08101	0.00775
d30045	0.36077	0.05623	0.00000
d30046	0.33086	0.06234	0.00000
d30047	0.36520	0.09653	0.01010
d30048	0.31354	0.04317	0.00244
d30049	0.36779	0.07282	0.00495
d30050	0.37981	0.07039	0.00000
d30051	0.39312	0.11911	0.02785
d30053	0.33416	0.02750	0.00255
d30055	0.44626	0.10849	0.01202
d30056	0.35644	0.06250	0.00510
d30059	0.42184	0.13033	0.01790
d31001	0.36715	0.12439	0.03980
d31008	0.33415	0.09677	0.03544
d31009	0.41827	0.11893	0.00743
d31013	0.41787	0.11707	0.02736
d31022	0.41032	0.11911	0.01772
d31026	0.29657	0.06931	0.00505
d31031	0.32673	0.05000	0.00255
d31032	0.42157	0.11386	0.04040
d31033	0.27361	0.02445	0.00000
d31038	0.39409	0.11692	0.01269
d31043	0.42169	0.11922	0.05459
d31050	0.31235	0.05868	0.00249
