d30001	0.41278	0.12159	0.00759
d30002	0.33492	0.04796	0.00000
d30003	0.47891	0.13283	0.02813
d30005	0.36165	0.12010	0.03000
d30006	0.40741	0.11222	0.02036
d30007	0.38861	0.10500	0.03827
d30008	0.33659	0.07635	0.01256
d30010	0.41919	0.09184	0.00260
d30011	0.34069	0.04703	0.00505
d30015	0.32603	0.06634	0.02256
d30017	0.29902	0.05446	0.00253
d30020	0.33820	0.07125	0.00000
d30022	0.36118	0.06700	0.00506
d30024	0.37129	0.06000	0.00000
d30026	0.38847	0.12658	0.02326
d30027	0.27456	0.01527	0.00000
d30028	0.36829	0.07389	0.00503
d30029	0.33810	0.08654	0.00490
d30031	0.33735	0.06326	0.00993
d30033	0.33415	0.08128	0.00251
d30034	0.36683	0.09645	0.01295
d30036	0.31127	0.06436	0.00505
d30037	0.41912	0.13119	0.04040
d30038	0.38929	0.12776	0.02256
d30040	0.37778	0.07731	0.00763
d30042	0.45161	0.14536	0.02558
d30044	0.44862	0.08861	0.01550
d30045	0.36077	0.07090	0.01496
d30046	0.40000	0.11471	0.02290
d30047	0.43137	0.14356	0.03788
d30048	0.29454	0.05516	0.00978
d30049	0.38221	0.07039	0.00743
d30050	0.33173	0.04612	0.00000
d30051	0.39066	0.11166	0.01772
d30053	0.40347	0.09500	0.01531
d30055	0.43224	0.11792	0.00962
d30056	0.33911	0.07750	0.00765
d30059	0.38958	0.13784	0.02046
d31001	0.36232	0.13415	0.01990
d31008	0.35381	0.10174	0.02532
d31009	0.40144	0.12379	0.02475
d31013	0.42029	0.12683	0.02736
d31022	0.44226	0.09926	0.00506
d31026	0.33088	0.09406	0.00505
d31031	0.28465	0.03750	0.01276
d31032	0.39951	0.11139	0.02273
d31033	0.32203	0.05868	0.00000
d31038	0.42611	0.15920	0.04569
d31043	0.37108	0.08759	0.01489
d31050	0.34867	0.07335	0.02244
