d30001	0.41769	0.12655	0.00506
d30002	0.33729	0.04077	0.00000
d30003	0.39702	0.06516	0.00256
d30005	0.38592	0.12255	0.02250
d30006	0.42963	0.11471	0.02290
d30007	0.35644	0.07500	0.03061
d30008	0.33902	0.09852	0.02261
d30010	0.42677	0.10459	0.00260
d30011	0.35784	0.05198	0.00253
d30015	0.39659	0.08600	0.00752
d30017	0.39951	0.10644	0.02778
d30020	0.37470	0.11057	0.01504
d30022	0.31450	0.02730	0.00000
d30024	0.32921	0.06000	0.00255
d30026	0.36591	0.09620	0.02067
d30027	0.24685	0.02290	0.00000
d30028	0.41707	0.10099	0.01256
d30029	0.41905	0.11779	0.02451
d30031	0.41446	0.10219	0.01985
d30033	0.31707	0.05911	0.00000
d30034	0.31407	0.04315	0.00259
d30036	0.37500	0.12376	0.02778
d30037	0.40196	0.09653	0.02273
d30038	0.38200	0.08845	0.00000
d30040	0.37778	0.07232	0.00509
d30042	0.39454	0.11278	0.02302
d30044	0.38596	0.06329	0.01034
d30045	0.44552	0.09535	0.03491
d30046	0.42716	0.14713	0.06107
d30047	0.38480	0.12624	0.03535
d30048	0.44656	0.13909	0.03178
d30049	0.37740	0.05825	0.00495
d30050	0.31490	0.04126	0.00000
d30051	0.34644	0.05707	0.00759
d30053	0.34901	0.05250	0.01020
d30055	0.39252	0.08726	0.00481
d30056	0.33911	0.07000	0.01276
d30059	0.33251	0.08521	0.01279
d31001	0.35990	0.11463	0.01493
d31008	0.36609	0.09926	0.02278
d31009	0.42067	0.13592	0.03465
d31013	0.43478	0.10000	0.02736
d31022	0.37592	0.09677	0.01266
d31026	0.33333	0.10396	0.01010
d31031	0.35149	0.08750	0.01020
d31032	0.36520	0.10396	0.01515
d31033	0.35109	0.08313	0.00249
d31038	0.41872	0.15174	0.03807
d31043	0.42892	0.11192	0.01489
d31050	0.39467	0.05379	0.00249
