d30001	0.43243	0.13151	0.01519
d30002	0.33492	0.04077	0.00000
d30003	0.43176	0.11779	0.01535
d30005	0.40049	0.12010	0.02250
d30006	0.38519	0.10723	0.02036
d30007	0.39109	0.10500	0.03571
d30008	0.36829	0.06650	0.01005
d30010	0.45707	0.11480	0.01042
d30011	0.38725	0.07426	0.01010
d30015	0.35036	0.05897	0.01253
d30017	0.36765	0.06188	0.00758
d30020	0.39903	0.10319	0.01003
d30022	0.38821	0.07692	0.02532
d30024	0.37871	0.07000	0.00255
d30026	0.35840	0.08101	0.00258
d30027	0.29219	0.03817	0.00260
d30028	0.43902	0.11576	0.02513
d30029	0.40952	0.11538	0.02941
d30031	0.42892	0.09489	0.01737
d30033	0.39268	0.09606	0.00754
d30034	0.36935	0.09645	0.01036
d30036	0.42402	0.13366	0.02020
d30037	0.44118	0.09158	0.00505
d30038	0.44526	0.12531	0.01754
d30040	0.42963	0.12718	0.02290
d30042	0.42184	0.13784	0.02046
d30044	0.41855	0.08101	0.01292
d30045	0.39709	0.08313	0.01247
d30046	0.40247	0.11222	0.02290
d30047	0.50245	0.18317	0.06566
d30048	0.33254	0.07194	0.01711
d30049	0.42067	0.10680	0.01238
d30050	0.35337	0.05097	0.00000
d30051	0.41769	0.11911	0.02785
d30053	0.34406	0.07750	0.00000
d30055	0.42991	0.13443	0.03606
d30056	0.41584	0.08500	0.01276
d30059	0.42680	0.11779	0.01790
d31001	0.40821	0.13171	0.03980
d31008	0.38084	0.08685	0.01519
d31009	0.40144	0.09223	0.00248
d31013	0.47343	0.13659	0.03980
d31022	0.40295	0.07692	0.00000
d31026	0.30882	0.08663	0.00505
d31031	0.35396	0.05500	0.01276
d31032	0.43382	0.12624	0.03030
d31033	0.38741	0.06846	0.00000
d31038	0.40148	0.09701	0.01269
d31043	0.39277	0.06083	0.00000
d31050	0.37288	0.06357	0.00998
