d30001	0.35872	0.09429	0.01519
d30002	0.29691	0.05755	0.00000
d30003	0.37965	0.08271	0.00000
d30005	0.31796	0.07353	0.00250
d30006	0.31358	0.06234	0.00763
d30007	0.33663	0.06250	0.01020
d30008	0.32439	0.09113	0.01256
d30010	0.40152	0.10969	0.01562
d30011	0.35294	0.05446	0.01010
d30015	0.31387	0.04423	0.00000
d30017	0.25980	0.03713	0.00000
d30020	0.31873	0.06880	0.00501
d30022	0.36855	0.07196	0.01013
d30024	0.34158	0.04500	0.00255
d30026	0.38346	0.06582	0.00000
d30027	0.30730	0.04071	0.00519
d30028	0.32683	0.08621	0.01256
d30029	0.34048	0.07692	0.01961
d30031	0.45060	0.11679	0.02481
d30033	0.29024	0.05419	0.00000
d30034	0.36432	0.11421	0.01295
d30036	0.38971	0.11139	0.01768
d30037	0.36029	0.08911	0.00253
d30038	0.37956	0.09828	0.01253
d30040	0.38025	0.09975	0.01527
d30042	0.38213	0.12782	0.02302
d30044	0.42857	0.08861	0.01292
d30045	0.38741	0.09780	0.02743
d30046	0.40741	0.10723	0.00254
d30047	0.40196	0.14109	0.05051
d30048	0.30404	0.06475	0.01711
d30049	0.35337	0.04369	0.00000
d30050	0.25721	0.03398	0.00495
d30051	0.43489	0.14392	0.02532
d30053	0.30446	0.05000	0.00510
d30055	0.41355	0.09198	0.00721
d30056	0.30941	0.06250	0.00000
d30059	0.40447	0.12030	0.01535
d31001	0.40338	0.12683	0.01493
d31008	0.33415	0.05707	0.00759
d31009	0.40865	0.11893	0.01733
d31013	0.36473	0.04878	0.00000
d31022	0.32924	0.06203	0.00000
d31026	0.35049	0.09406	0.00000
d31031	0.34901	0.08000	0.01020
d31032	0.31863	0.10644	0.02273
d31033	0.27603	0.03423	0.00000
d31038	0.33498	0.08209	0.00000
d31043	0.39277	0.09489	0.00744
d31050	0.33414	0.06357	0.00998
