d30001	0.43243	0.12407	0.01013
d30002	0.30166	0.02398	0.00000
d30003	0.41191	0.10777	0.01279
d30005	0.37136	0.08578	0.01000
d30006	0.39259	0.07232	0.01018
d30007	0.38119	0.10000	0.03316
d30008	0.32927	0.05172	0.00503
d30010	0.46717	0.10969	0.01562
d30011	0.32843	0.05198	0.01263
d30015	0.37470	0.07617	0.00752
d30017	0.35049	0.08168	0.02020
d30020	0.32117	0.07862	0.00251
d30022	0.36118	0.06948	0.00506
d30024	0.38614	0.06000	0.00000
d30026	0.37594	0.03797	0.00258
d30027	0.27204	0.03817	0.00519
d30028	0.34146	0.07882	0.01005
d30029	0.36667	0.08654	0.01716
d30031	0.38795	0.06083	0.00993
d30033	0.33415	0.08128	0.01256
d30034	0.32161	0.04822	0.00000
d30036	0.39706	0.12129	0.04040
d30037	0.41912	0.10396	0.00505
d30038	0.49392	0.14005	0.01754
d30040	0.43951	0.09476	0.01527
d30042	0.43176	0.12030	0.02302
d30044	0.42607	0.09620	0.01292
d30045	0.38983	0.09291	0.02743
d30046	0.35802	0.06983	0.00254
d30047	0.42402	0.10891	0.02778
d30048	0.39667	0.08633	0.01222
d30049	0.38221	0.05340	0.00000
d30050	0.31971	0.03398	0.00000
d30051	0.36855	0.09677	0.01772
d30053	0.33663	0.07000	0.00255
d30055	0.49533	0.16509	0.03365
d30056	0.34653	0.07250	0.00255
d30059	0.38710	0.12030	0.01535
d31001	0.40097	0.09268	0.00746
d31008	0.39312	0.12903	0.03291
d31009	0.41827	0.10922	0.00495
d31013	0.42029	0.10000	0.02736
d31022	0.39066	0.09181	0.00759
d31026	0.30392	0.07673	0.00505
d31031	0.27228	0.02500	0.00000
d31032	0.35294	0.08911	0.02273
d31033	0.42131	0.09046	0.00748
d31038	0.44828	0.16169	0.04822
d31043	0.40482	0.07543	0.00496
d31050	0.34625	0.05623	0.00249
