d30001	0.44226	0.16129	0.02278
d30002	0.37767	0.06954	0.00733
d30003	0.42184	0.12030	0.00512
d30005	0.39078	0.12010	0.01750
d30006	0.38025	0.11471	0.02290
d30007	0.42079	0.15000	0.06378
d30008	0.36585	0.07882	0.01256
d30010	0.42929	0.11480	0.01042
d30011	0.37990	0.06683	0.00758
d30015	0.40146	0.10074	0.02256
d30017	0.36029	0.09653	0.02525
d30020	0.32603	0.07862	0.00501
d30022	0.37101	0.10422	0.03038
d30024	0.40099	0.06500	0.00765
d30026	0.37093	0.08608	0.00258
d30027	0.25441	0.01781	0.00000
d30028	0.35122	0.08621	0.01759
d30029	0.38571	0.09856	0.01716
d30031	0.34940	0.06569	0.01737
d30033	0.35366	0.11330	0.01508
d30034	0.33417	0.08122	0.01036
d30036	0.37255	0.09901	0.01768
d30037	0.40441	0.10396	0.00253
d30038	0.49878	0.14496	0.02506
d30040	0.40741	0.07481	0.00509
d30042	0.39950	0.14286	0.02558
d30044	0.41604	0.07848	0.01550
d30045	0.38741	0.09535	0.03491
d30046	0.33333	0.04738	0.00509
d30047	0.43627	0.11634	0.02778
d30048	0.36105	0.10312	0.03178
d30049	0.41106	0.07767	0.00495
d30050	0.35096	0.04369	0.00000
d30051	0.38575	0.10174	0.02785
d30053	0.34653	0.06000	0.01020
d30055	0.41589	0.15094	0.02885
d30056	0.39109	0.10250	0.01531
d30059	0.40943	0.12030	0.01790
d31001	0.36715	0.12195	0.01493
d31008	0.40049	0.10918	0.02278
d31009	0.43510	0.13835	0.02970
d31013	0.41063	0.11951	0.02736
d31022	0.39312	0.08685	0.00759
d31026	0.34559	0.11139	0.00505
d31031	0.29950	0.04500	0.01276
d31032	0.40931	0.13614	0.03283
d31033	0.33656	0.05868	0.00000
d31038	0.42611	0.15920	0.03807
d31043	0.45060	0.09732	0.00496
d31050	0.34140	0.06357	0.03242
