d30001	0.34889	0.07692	0.00253
d30002	0.28741	0.03837	0.00000
d30003	0.30025	0.07018	0.00512
d30005	0.35194	0.08824	0.00750
d30006	0.30123	0.04738	0.00763
d30007	0.22030	0.01000	0.00000
d30008	0.28780	0.04433	0.01256
d30010	0.44444	0.14031	0.01562
d30011	0.29657	0.06683	0.00505
d30015	0.38200	0.07125	0.00251
d30017	0.23039	0.01733	0.00000
d30020	0.30414	0.06388	0.00251
d30022	0.29238	0.04467	0.00506
d30024	0.36881	0.07250	0.00510
d30026	0.32832	0.03291	0.00000
d30027	0.23426	0.01018	0.00000
d30028	0.36829	0.10591	0.01508
d30029	0.32143	0.09135	0.01225
d30031	0.34458	0.06569	0.00993
d30033	0.30000	0.05665	0.00000
d30034	0.28643	0.05076	0.00518
d30036	0.33824	0.09158	0.01010
d30037	0.35049	0.05446	0.00253
d30038	0.33577	0.08108	0.00251
d30040	0.15309	0.04489	0.01781
d30042	0.26551	0.02005	0.00000
d30044	0.25564	0.01772	0.00000
d30045	0.25182	0.01956	0.00000
d30046	0.31605	0.01496	0.00000
d30047	0.37745	0.13861	0.02778
d30048	0.33967	0.07434	0.00000
d30049	0.30529	0.02913	0.00248
d30050	0.31731	0.04612	0.00743
d30051	0.37346	0.10174	0.01013
d30053	0.29455	0.06750	0.01020
d30055	0.30607	0.05189	0.00000
d30056	0.26485	0.02250	0.00000
d30059	0.32010	0.05764	0.00000
d31001	0.35749	0.09756	0.01741
d31008	0.30958	0.06700	0.01266
d31009	0.35096	0.08738	0.01238
d31013	0.28261	0.02439	0.00000
d31022	0.32187	0.05707	0.01013
d31026	0.39706	0.13861	0.01768
d31031	0.30693	0.04500	0.01531
d31032	0.30147	0.05198	0.00000
d31033	0.31477	0.07090	0.00499
d31038	0.35714	0.08706	0.00254
d31043	0.38313	0.09489	0.01241
d31050	0.27361	0.03912	0.00000
