d30001	0.43980	0.10422	0.00506
d30002	0.31829	0.04796	0.00000
d30003	0.44169	0.09774	0.00512
d30005	0.35437	0.08088	0.00000
d30006	0.34074	0.04988	0.00254
d30007	0.31931	0.03250	0.00765
d30008	0.35366	0.07635	0.01256
d30010	0.40152	0.07653	0.00260
d30011	0.31127	0.05198	0.00758
d30015	0.36496	0.06388	0.00752
d30017	0.30392	0.04455	0.00000
d30020	0.29927	0.06880	0.00251
d30022	0.34152	0.04963	0.00506
d30024	0.39109	0.07250	0.00000
d30026	0.33083	0.04304	0.00000
d30027	0.24937	0.03053	0.00779
d30028	0.28780	0.04926	0.00000
d30029	0.38095	0.11779	0.02451
d30031	0.43373	0.09002	0.00248
d30033	0.31220	0.07635	0.00251
d30034	0.33166	0.08376	0.00518
d30036	0.42647	0.12871	0.00505
d30037	0.47549	0.15347	0.03788
d30038	0.39173	0.08354	0.00000
d30040	0.38025	0.07980	0.01272
d30042	0.42928	0.12281	0.02558
d30044	0.38346	0.07595	0.01292
d30045	0.38741	0.08802	0.01496
d30046	0.38765	0.08728	0.02290
d30047	0.43873	0.13614	0.02525
d30048	0.28504	0.01439	0.00000
d30049	0.36779	0.04369	0.00495
d30050	0.24760	0.02670	0.00248
d30051	0.40541	0.11166	0.01266
d30053	0.32921	0.06500	0.00000
d30055	0.37383	0.07075	0.00481
d30056	0.36634	0.10750	0.01276
d30059	0.41191	0.11529	0.01790
d31001	0.34300	0.11707	0.04478
d31008	0.30467	0.03722	0.00000
d31009	0.33654	0.06553	0.00248
d31013	0.40338	0.05366	0.00498
d31022	0.30221	0.03722	0.00253
d31026	0.36275	0.09406	0.00758
d31031	0.29455	0.05250	0.00255
d31032	0.38725	0.07178	0.01010
d31033	0.33656	0.04401	0.00000
d31038	0.37685	0.09950	0.00254
d31043	0.41446	0.09976	0.01241
d31050	0.32203	0.04890	0.00499
