d30001	0.42015	0.15136	0.02025
d30002	0.34679	0.05036	0.00000
d30003	0.39454	0.09524	0.01279
d30005	0.37621	0.11765	0.02250
d30006	0.37037	0.10723	0.02036
d30007	0.42079	0.13000	0.05102
d30008	0.34146	0.08374	0.01508
d30010	0.41162	0.09694	0.01562
d30011	0.36275	0.07426	0.00758
d30015	0.36010	0.07617	0.01504
d30017	0.33333	0.04950	0.01010
d30020	0.35280	0.09582	0.00000
d30022	0.37592	0.08437	0.01013
d30024	0.35644	0.03750	0.00000
d30026	0.42607	0.11899	0.00258
d30027	0.28967	0.03817	0.00000
d30028	0.42683	0.15271	0.02764
d30029	0.40238	0.11538	0.02206
d30031	0.36386	0.05839	0.00000
d30033	0.32683	0.07882	0.00503
d30034	0.34171	0.10406	0.01036
d30036	0.41667	0.13614	0.03030
d30037	0.43382	0.11139	0.00505
d30038	0.43552	0.12531	0.02005
d30040	0.39506	0.09476	0.01781
d30042	0.45161	0.14536	0.02558
d30044	0.43609	0.10633	0.00775
d30045	0.34140	0.06601	0.01496
d30046	0.37037	0.07731	0.00000
d30047	0.44363	0.14356	0.03535
d30048	0.35629	0.08153	0.00978
d30049	0.39904	0.09466	0.00743
d30050	0.37260	0.05583	0.00248
d30051	0.38329	0.10670	0.01772
d30053	0.37129	0.07000	0.01020
d30055	0.43458	0.13679	0.01202
d30056	0.37376	0.07250	0.00255
d30059	0.41191	0.12782	0.01279
d31001	0.42754	0.12683	0.00995
d31008	0.34644	0.10422	0.02025
d31009	0.42308	0.09709	0.00248
d31013	0.41063	0.12927	0.02736
d31022	0.42506	0.10174	0.01013
d31026	0.34069	0.08168	0.00000
d31031	0.28465	0.04000	0.00000
d31032	0.42647	0.13366	0.02778
d31033	0.38499	0.07579	0.00748
d31038	0.38424	0.16418	0.04061
d31043	0.41687	0.08029	0.00744
d31050	0.34867	0.07090	0.00748
