d30001	0.47420	0.16625	0.02532
d30002	0.29216	0.05276	0.00000
d30003	0.43176	0.11779	0.01535
d30005	0.39563	0.14216	0.02750
d30006	0.38519	0.09227	0.02290
d30007	0.37624	0.09500	0.03827
d30008	0.35366	0.09113	0.00754
d30010	0.45707	0.11990	0.00781
d30011	0.37255	0.07178	0.00758
d30015	0.39416	0.08845	0.00501
d30017	0.33824	0.07921	0.02020
d30020	0.37226	0.07862	0.01253
d30022	0.37592	0.06452	0.00506
d30024	0.37129	0.05500	0.00255
d30026	0.39348	0.08354	0.00517
d30027	0.27960	0.01781	0.00000
d30028	0.39024	0.10345	0.01508
d30029	0.36190	0.08654	0.02941
d30031	0.43373	0.09489	0.01737
d30033	0.30488	0.07143	0.00000
d30034	0.33668	0.09137	0.01295
d30036	0.39951	0.13119	0.03283
d30037	0.38480	0.10149	0.00253
d30038	0.42579	0.09582	0.00752
d30040	0.40247	0.09726	0.01527
d30042	0.36973	0.12281	0.02302
d30044	0.41855	0.08861	0.01292
d30045	0.42373	0.11491	0.04738
d30046	0.42222	0.12968	0.02545
d30047	0.44608	0.17327	0.05303
d30048	0.38717	0.10552	0.02445
d30049	0.35577	0.05097	0.00000
d30050	0.29808	0.03155	0.00000
d30051	0.42752	0.14888	0.03544
d30053	0.34406	0.05250	0.00000
d30055	0.42991	0.11557	0.01923
d30056	0.38614	0.08750	0.01276
d30059	0.41191	0.11779	0.01535
d31001	0.32609	0.06585	0.00249
d31008	0.40295	0.10670	0.01519
d31009	0.43990	0.14563	0.02723
d31013	0.42029	0.12683	0.02736
d31022	0.37592	0.08437	0.00253
d31026	0.40196	0.10644	0.00758
d31031	0.32921	0.07750	0.00255
d31032	0.37255	0.12376	0.03030
d31033	0.35351	0.08802	0.00499
d31038	0.41626	0.15423	0.04315
d31043	0.40482	0.08029	0.00744
d31050	0.41889	0.08802	0.02743
