d30001	0.43489	0.14144	0.01519
d30002	0.33967	0.04796	0.00000
d30003	0.43176	0.09273	0.00512
d30005	0.38592	0.11029	0.02250
d30006	0.40494	0.08728	0.01272
d30007	0.38366	0.09250	0.03827
d30008	0.40000	0.10099	0.00754
d30010	0.44697	0.11735	0.01042
d30011	0.31373	0.02723	0.00253
d30015	0.36253	0.06143	0.00501
d30017	0.31373	0.04703	0.00000
d30020	0.35766	0.09091	0.00752
d30022	0.36609	0.07940	0.01266
d30024	0.37871	0.05750	0.00000
d30026	0.42105	0.09114	0.00000
d30027	0.28715	0.03562	0.00519
d30028	0.41220	0.11084	0.02010
d30029	0.41905	0.11058	0.02696
d30031	0.40964	0.10219	0.01737
d30033	0.35122	0.07635	0.00754
d30034	0.33668	0.05330	0.00000
d30036	0.41667	0.10396	0.01263
d30037	0.42402	0.13366	0.03535
d30038	0.49635	0.15479	0.01754
d30040	0.42222	0.08479	0.01272
d30042	0.42680	0.13784	0.02302
d30044	0.42356	0.10633	0.01550
d30045	0.46973	0.12469	0.03990
d30046	0.43457	0.11222	0.00254
d30047	0.48775	0.16089	0.05303
d30048	0.39430	0.08633	0.01222
d30049	0.41346	0.05825	0.00248
d30050	0.29327	0.03641	0.00248
d30051	0.39312	0.09677	0.00759
d30053	0.38614	0.06500	0.00765
d30055	0.42290	0.14151	0.02885
d30056	0.38119	0.06750	0.00255
d30059	0.40695	0.10025	0.00512
d31001	0.39372	0.14390	0.04229
d31008	0.38329	0.10174	0.01013
d31009	0.39423	0.11893	0.03218
d31013	0.43720	0.12195	0.02985
d31022	0.36118	0.10670	0.01266
d31026	0.34804	0.10396	0.00505
d31031	0.33168	0.05000	0.00255
d31032	0.39461	0.10891	0.02273
d31033	0.32688	0.06601	0.00000
d31038	0.43350	0.12438	0.02538
d31043	0.38554	0.06326	0.00496
d31050	0.35109	0.05623	0.00748
