d30001	0.44963	0.13896	0.02278
d30002	0.29929	0.01439	0.00000
d30003	0.41935	0.12030	0.01535
d30005	0.40777	0.13235	0.01500
d30006	0.39012	0.11222	0.02290
d30007	0.37129	0.08500	0.01786
d30008	0.34390	0.08621	0.01005
d30010	0.43939	0.12500	0.00781
d30011	0.34559	0.05693	0.00758
d30015	0.27737	0.03686	0.01003
d30017	0.30882	0.04455	0.00758
d30020	0.29197	0.06388	0.00501
d30022	0.34152	0.04715	0.00000
d30024	0.29208	0.03250	0.00255
d30026	0.38847	0.06835	0.00000
d30027	0.26196	0.02799	0.00519
d30028	0.31707	0.06897	0.00754
d30029	0.37857	0.09615	0.02206
d30031	0.33976	0.04380	0.00000
d30033	0.26829	0.05172	0.00000
d30034	0.33166	0.09898	0.01295
d30036	0.33088	0.06931	0.00505
d30037	0.39951	0.10396	0.00253
d30038	0.41363	0.09582	0.01003
d30040	0.40247	0.09227	0.01527
d30042	0.37469	0.12281	0.02302
d30044	0.44612	0.11899	0.01809
d30045	0.34867	0.04890	0.01496
d30046	0.37531	0.06983	0.00000
d30047	0.40686	0.09901	0.02525
d30048	0.29691	0.05036	0.00000
d30049	0.40144	0.08495	0.00990
d30050	0.29087	0.03398	0.00248
d30051	0.35627	0.09926	0.01772
d30053	0.35149	0.06250	0.01020
d30055	0.43925	0.11792	0.00721
d30056	0.37871	0.09250	0.00510
d30059	0.40447	0.12281	0.01535
d31001	0.38889	0.12195	0.02239
d31008	0.31941	0.06203	0.00759
d31009	0.42788	0.13835	0.01733
d31013	0.40821	0.10244	0.02736
d31022	0.33907	0.06700	0.00000
d31026	0.31863	0.07921	0.00000
d31031	0.25990	0.03750	0.00000
d31032	0.33333	0.10891	0.02778
d31033	0.35109	0.08068	0.01995
d31038	0.37931	0.11194	0.00761
d31043	0.39518	0.07056	0.00496
d31050	0.34140	0.05379	0.00499
